1955140
1984950
1955467
2188834
2280804
1955330
5463983
5583108
365356
811848
359499
691844
5471263
366188
705061
811001
4974607
358709
5639362
5590220
443766
370316
363596
5430890
4668344
463892
3124052
755832
714290
360276
761185
377378
5575591
5449806
5409578
1956974
1985006
4609070
4152648
4668524
2146157
2221633
1957869
2298149
4961770
2251131
4493783
1958831
1955743
5030848
1955875
2694413
2218429
4508511
4406074
1955879
2695586
4670402
1957722
1914535
2646110
4184319
5598782
2219491
5489548
5523554
2203374
4468723
2236967
1958310
5439551
1956492
2075623
2646110
5609624
1919452
5575214
5516228
5442727
2005991
2030898
4835107
2183843
2637279
5321020
1334873
5074412
1328998
1415652
1144491
1151888
1144018
1079373
1872799
4098506
2037466
1956492
5471934
2114646
5521461
740379
354280
303104
5529531
443282
4848714
365505
5045423
667066
499127
801595
740460
364102
5079566
5472716
495556
796407
5423683
5591280
5464251
5440724
5375022
5570366
5333155
5158310
5497019
5518962
5136774
5382068
5158816
5134257
4899880
4800138
4857850
4787451
5165759
4783988
4873502
4293029
4806421
5465653
4585161
5504446
5361577
5014665
5657382
2040600
5471558
475102
2187875
5299727
5395224
5370695
5392856
1382166
5340184
1365448
1076669
1076462
1385170
5333957
1206079
1025768
1183991
4662099
2010359
5365777
2074892
5087787
2105546
4817355
4645480
2021424
2131979
4572538
2282870
4971864
1985038
2141684
5311803
1940598
752905
663563
5074226
1025289
1079885
5414039
1322714
1082233
1076038
1062373
1082366
1407842
5074863
1080159
1062572
1064403
1189435
1074355
1082660
1060765
1212082
1078037
1396774
1081309
1183919
1169978
1987215
2111981
2139347
4584583
2000749
5356957
5394180
5369899
5370682
5370164
5394001
5392798
1828103
1074182
1075375
1062029
1054643
1144156
1142472
1137978
4828959
2010683
2095128
4624487
4640818
2158231
1990067
5027479
5024914
417842
5153579
1312243
4834017
1170523
4828321
1056753
4714247
4751187
4974031
1174401
4512298
